,Year,AmphiGam,AmphiHyp,BenthicLarv,CalCops.larg,CalCops.med,CalCops.smal,Cephalopoda,Chaetognatha,Cladocera,Ctenophora,Euphs,Fish,Larvacea,Medusae,Mysids,Natantia,NonCalCops,Ostracoda,Other,PolychaetPelagic,Pteropods,Repantia,Scyphozoa,Siphonophorae
0,1996,3.0998324999999998,1.3243075000000002,0.2747675,13.213022499999997,9.285405,0.9297949999999999,0.015525,0.3585275,0.000955,0.0,1.7468400000000002,0.2894975,0.00516,0.4934925,0.0,0.7181625,0.3223125,2.67495,0.0833525,1.61518,0.324095,0.08197,0.0,0.5310875
1,1997,8.415328461538461,1.4585253846153847,0.033580769230769233,24.451942307692303,9.381714615384615,0.8106599999999999,0.022964615384615385,1.5617346153846157,0.006466923076923077,0.003215384615384615,15.309618461538461,0.12355076923076923,0.01804923076923077,0.15818692307692306,0.0,0.6066815384615385,0.3582069230769231,3.035919230769231,0.041016923076923076,0.43792,0.48241,4.063566153846154,0.0,0.43146384615384614
2,1998,8.007227000000002,3.2145914999999996,0.5729270000000001,12.494889,11.405672,1.033331,0.0530755,0.980033,0.010478,0.0010149999999999998,56.1332405,1.153877,0.272976,0.7960275000000001,0.0035795,0.6372595,0.32543749999999994,3.9601444999999997,0.0042935000000000004,0.8978029999999999,2.6740665000000003,0.6882820000000001,0.0,0.2021365
3,1999,13.102784285714288,6.6740457142857155,1.3165685714285715,33.44285285714285,38.44818142857143,3.778151428571429,0.0,2.053474285714286,0.05251,1.6573371428571428,18.382474285714288,0.016874285714285713,5.951369999999999,9.197748571428571,0.0,0.5304771428571428,0.7817257142857145,4.893692857142857,0.0,1.3015828571428572,13.896034285714284,0.59892,0.0,0.6159928571428572
4,2000,12.5125125,6.7021524999999995,0.609955,37.5835975,14.197885,1.5849350000000002,0.0,4.992425000000001,0.0,0.3440275,20.2154775,10.539495,0.712135,1.5603150000000001,0.0,1.0282475,0.9125150000000001,5.343335,0.0096,4.347285,4.836225000000001,1.6984575,0.0,0.8324774999999999
5,2001,11.71115875,3.62566,0.13011625000000002,21.7979775,13.42178625,1.1071575,0.153475,4.3551325,0.02730875,0.0,27.8124075,0.24554249999999997,0.2959375,1.69347375,0.0,1.27890125,0.21615125,2.8218862500000004,0.00281625,9.542948749999999,0.8018749999999999,0.98094125,0.0,0.37153875000000003
6,2002,3.9619044444444445,1.0087055555555555,0.18213000000000001,6.732905555555556,8.16518888888889,0.6933144444444443,0.018435555555555556,2.2935244444444445,0.0,0.01262888888888889,42.148854444444446,0.23332888888888886,0.034001111111111114,0.8733588888888889,0.0,1.8290666666666664,0.12451666666666666,1.8366322222222224,0.006545555555555555,0.9124811111111113,0.19816777777777778,0.18780555555555553,0.0,0.1732766666666667
7,2003,7.72391,1.4427362499999998,0.12201125000000002,3.6792750000000005,10.309821249999999,0.3896975,0.0,1.7110487499999998,0.0,0.0,29.15441375,0.035205,0.19993999999999998,0.7242575,0.0,0.18554125,0.30184500000000003,2.4247199999999998,0.0207775,1.43630375,0.887165,0.08615125,0.0,0.23185
8,2004,5.564297777777778,1.2513877777777778,0.7362359259259259,3.1495800000000003,11.438897037037036,0.6315537037037037,0.04931111111111111,0.952838888888889,0.00033444444444444445,0.021242222222222225,6.747301851851852,0.2775796296296296,0.2650881481481482,0.9248355555555556,0.0,0.8029992592592594,0.3471329629629629,2.485118148148149,0.03062555555555555,1.6074374074074076,1.033611111111111,0.4269848148148148,0.21813,0.4756181481481481
9,2005,1.8445511111111113,1.5534488888888889,0.6804466666666668,1.6228944444444444,6.63242111111111,0.4791055555555556,0.003011111111111111,0.5714333333333333,0.0014055555555555555,0.00865888888888889,1.0958255555555558,0.3415522222222222,0.3457177777777778,2.1603344444444446,0.0,0.24452000000000002,0.1229311111111111,1.8470411111111114,0.005208888888888889,1.1069033333333336,0.5206855555555556,0.08336444444444444,0.0,0.42597222222222225
10,2006,5.149172222222223,2.9584355555555555,1.520907777777778,3.9673466666666664,12.963222222222223,0.5171311111111111,0.0,1.180971111111111,0.0027488888888888893,0.5217666666666667,16.965781111111113,1.6599011111111113,1.3395766666666669,0.7368933333333333,0.0,1.2503388888888889,0.1992888888888889,2.9797477777777774,0.0030188888888888887,2.151411111111111,0.989417777777778,0.7096533333333332,0.0,0.8569922222222223
11,2007,4.847499999999999,3.9599485714285714,0.6737500000000001,3.9700228571428577,14.90308857142857,1.0146085714285715,0.0006485714285714286,0.39857571428571426,0.011978571428571427,0.07805571428571427,7.602678571428572,0.23822857142857143,0.3655685714285714,2.0483000000000002,0.0,0.8169157142857143,0.37171571428571426,2.7043257142857144,0.008192857142857142,1.01793,2.533897142857143,0.7116085714285714,0.0,0.33723
12,2008,6.636482333333333,4.321588000000001,0.4252336666666666,1.416788,13.323378999999996,1.5963003333333334,0.0,3.482321666666666,0.010537,0.03377433333333334,108.37502766666665,0.07444033333333332,0.205917,6.003773000000001,0.0006266666666666666,0.652946,0.23093766666666674,1.3706326666666668,0.044597333333333336,0.4659036666666666,0.9364906666666667,1.3339536666666667,0.0,0.23988600000000002
13,2009,5.5323528260869566,3.496070869565217,2.013930434782609,1.4788480434782614,16.79147282608696,3.051450869565217,0.0045443478260869564,3.836716739130435,0.05084521739130435,0.02855217391304348,93.14144891304346,0.5031206521739131,7.114780000000001,2.495520652173913,0.003207391304347826,0.8447706521739129,0.5884143478260869,1.1464736956521737,0.13903,0.8331321739130435,2.225271739130435,1.8886267391304348,0.0,0.8264667391304349
14,2010,5.684755714285714,3.6248604761904764,0.1860838095238095,2.5711590476190476,12.841548571428572,1.8575223809523809,0.01178904761904762,3.1089957142857143,0.016501428571428573,0.7015395238095239,79.92726952380951,0.19528047619047617,0.5301557142857143,3.5148890476190466,0.0,0.6538461904761905,0.28012238095238096,1.4479580952380953,0.06862952380952379,0.8589790476190476,0.5934447619047619,2.3179028571428573,0.05496809523809524,0.4592261904761904
15,2011,5.647007777777778,2.732865555555555,0.2943822222222222,17.861565555555554,14.339682222222223,0.9661933333333335,0.004263333333333333,0.9180422222222222,0.013707777777777777,0.17986000000000002,53.82695888888889,0.10990888888888889,0.4247944444444445,3.9605644444444446,0.0,0.7785011111111111,0.18838000000000002,1.6295855555555554,0.00984,1.0200022222222223,2.8443555555555555,0.19699777777777777,0.0,0.85912
16,2012,9.642731176470589,2.396101176470588,0.5125782352941176,16.214596470588237,16.611089411764706,2.4506217647058826,0.017534705882352942,1.0987717647058823,0.0021958823529411764,0.0647335294117647,13.490878823529412,0.2437964705882353,2.608448823529412,2.689699411764706,0.0,0.3764005882352941,0.5839782352941176,2.610496470588235,0.10475058823529411,0.8898035294117648,1.0903211764705882,1.5936782352941177,0.09111058823529412,1.0690758823529414
17,2013,7.389391481481481,2.803321111111112,0.848091851851852,11.039525925925927,16.394725555555556,2.197166666666667,0.025715185185185185,0.7199622222222222,0.015056296296296297,0.04293851851851852,16.34341037037037,0.46020370370370367,1.401582962962963,0.9780933333333335,0.0,0.77524,0.5402525925925926,1.96552,0.00947074074074074,1.6243540740740743,3.4237596296296298,0.2549677777777778,0.3128522222222222,0.7599848148148148
18,2014,9.770906216216217,7.2545756756756745,0.47789648648648636,4.532377567567568,21.08032810810811,2.8260743243243245,0.024352972972972974,1.777043243243243,0.15166324324324326,0.02829027027027027,28.77830378378378,0.5118808108108108,0.2099759459459459,1.5478127027027024,0.0,0.913145945945946,0.6480027027027028,1.9832700000000003,0.05456648648648648,1.4214756756756755,1.8872694594594595,0.8376397297297297,0.0,0.8053905405405406
19,2015,8.696071678832118,5.091669854014597,1.9229841605839415,6.497261021897811,20.887654671532847,3.433946350364964,0.04256437956204379,2.458720072992701,0.014376788321167882,0.1754585401459854,25.62778401459854,1.0593272262773723,2.4452862043795625,4.0556827007299265,0.0009238686131386861,1.2447442335766425,1.0507797810218977,3.580341313868613,0.17192708029197082,2.3352336496350365,5.738543576642336,1.7401385401459855,0.043482116788321167,1.4039399270072992
20,2016,7.338024050632913,6.2846696202531644,4.2398834177215186,4.724015379746835,19.27512930379747,2.468770949367088,0.018285632911392402,0.8739833544303798,0.16426955696202533,1.2008836075949365,16.082243164556964,1.3973337341772152,2.034734493670886,8.064980886075949,0.011291202531645568,1.2273486075949367,0.7795786708860759,5.694801708860759,0.1690332278481013,1.324026835443038,4.477080506329115,2.68534417721519,0.08192759493670886,2.7222103164556963
21,2017,5.944761075268818,4.196014731182795,1.5683151612903226,6.142108602150536,12.731740752688172,2.3421561290322583,0.00329258064516129,1.2310270967741934,0.02902247311827957,0.13201354838709675,11.951471827956992,0.7415692473118279,1.928652688172043,4.397569354838711,0.007878924731182796,0.944779677419355,0.571898817204301,3.1634743010752686,0.37340924731182795,1.8029507526881723,3.694429569892473,2.1087924731182794,0.042531505376344085,2.708859462365592
22,2018,6.5064028333333335,4.935856666666667,1.4565533333333334,8.106944833333333,13.300701333333333,2.548732,0.019380333333333333,0.8594271666666666,0.08286366666666667,0.0954425,27.905099833333328,0.6333598333333333,0.7453241666666667,3.3668301666666665,0.006522833333333334,1.3370478333333335,0.5705553333333333,4.082215833333334,0.8144166666666667,2.5228963333333336,3.2158356666666665,1.3472651666666666,0.1378775,2.837062333333333
