,Month,Day,Year,SST
0,Jan.,1,1990,11.410651
1,Feb.,1,1990,12.058082
2,Mar.,1,1990,12.308723
3,Apr.,1,1990,11.451993
4,May.,1,1990,10.976827
5,Jun.,1,1990,9.969656
6,Jul.,1,1990,9.05011
7,Aug.,1,1990,8.312349
8,Sep.,1,1990,8.352382
9,Oct.,1,1990,8.225603
10,Nov.,1,1990,9.435463
11,Dec.,1,1990,10.818305
12,Jan.,1,1991,12.051308
13,Feb.,1,1991,12.139968
14,Mar.,1,1991,12.165228
15,Apr.,1,1991,11.185882
16,May.,1,1991,10.413297
17,Jun.,1,1991,9.621634
18,Jul.,1,1991,8.96209
19,Aug.,1,1991,8.475476
20,Sep.,1,1991,8.180985
21,Oct.,1,1991,8.923019
22,Nov.,1,1991,10.636216
23,Dec.,1,1991,12.02047
24,Jan.,1,1992,12.73153
25,Feb.,1,1992,13.45728
26,Mar.,1,1992,13.043718
27,Apr.,1,1992,12.498678
28,May.,1,1992,11.721744
29,Jun.,1,1992,10.925331
30,Jul.,1,1992,10.241696
31,Aug.,1,1992,9.449835
32,Sep.,1,1992,9.183376
33,Oct.,1,1992,9.084829
34,Nov.,1,1992,9.921142
35,Dec.,1,1992,11.453342
36,Jan.,1,1993,12.669594
37,Feb.,1,1993,13.181225
38,Mar.,1,1993,12.626866
39,Apr.,1,1993,11.995455
40,May.,1,1993,11.096691
41,Jun.,1,1993,10.444969
42,Jul.,1,1993,9.296007
43,Aug.,1,1993,8.464538
44,Sep.,1,1993,8.501508
45,Oct.,1,1993,8.996644
46,Nov.,1,1993,9.459132
47,Dec.,1,1993,10.49564
48,Jan.,1,1994,11.506655
49,Feb.,1,1994,12.117003
50,Mar.,1,1994,12.146119
51,Apr.,1,1994,11.17122
52,May.,1,1994,10.586092
53,Jun.,1,1994,9.521036
54,Jul.,1,1994,8.746185
55,Aug.,1,1994,8.17761
56,Sep.,1,1994,8.684016
57,Oct.,1,1994,9.147727
58,Nov.,1,1994,9.953214
59,Dec.,1,1994,10.963107
60,Jan.,1,1995,12.196551
61,Feb.,1,1995,12.784145
62,Mar.,1,1995,12.25655
63,Apr.,1,1995,11.429519
64,May.,1,1995,10.420207
65,Jun.,1,1995,9.088174
66,Jul.,1,1995,8.769456
67,Aug.,1,1995,8.916656
68,Sep.,1,1995,8.595014
69,Oct.,1,1995,8.663215
70,Nov.,1,1995,9.148434
71,Dec.,1,1995,9.888213
72,Jan.,1,1996,10.860983
73,Feb.,1,1996,12.025331
74,Mar.,1,1996,11.728321
75,Apr.,1,1996,11.119489
76,May.,1,1996,9.9483
77,Jun.,1,1996,8.862278
78,Jul.,1,1996,8.363637
79,Aug.,1,1996,7.970496
80,Sep.,1,1996,8.083773
81,Oct.,1,1996,8.593302
82,Nov.,1,1996,9.383442
83,Dec.,1,1996,10.746842
84,Jan.,1,1997,11.910243
85,Feb.,1,1997,12.317101
86,Mar.,1,1997,12.166986
87,Apr.,1,1997,11.192175
88,May.,1,1997,10.135995
89,Jun.,1,1997,9.298377
90,Jul.,1,1997,8.807618
91,Aug.,1,1997,8.486301
92,Sep.,1,1997,8.5602455
93,Oct.,1,1997,8.987814
94,Nov.,1,1997,9.85963
95,Dec.,1,1997,11.120554
96,Jan.,1,1998,12.17785
97,Feb.,1,1998,12.481543
98,Mar.,1,1998,12.182488
99,Apr.,1,1998,11.857747
100,May.,1,1998,10.362404
101,Jun.,1,1998,8.901037
102,Jul.,1,1998,7.984502
103,Aug.,1,1998,7.5837502
104,Sep.,1,1998,7.715895
105,Oct.,1,1998,8.137529
106,Nov.,1,1998,9.001793
107,Dec.,1,1998,10.182932
108,Jan.,1,1999,10.745245
109,Feb.,1,1999,11.234034
110,Mar.,1,1999,11.984316
111,Apr.,1,1999,11.0413885
112,May.,1,1999,9.501446
113,Jun.,1,1999,8.36739
114,Jul.,1,1999,7.5050974
115,Aug.,1,1999,7.152498
116,Sep.,1,1999,7.5129786
117,Oct.,1,1999,7.8927593
118,Nov.,1,1999,8.760645
119,Dec.,1,1999,10.548287
120,Jan.,1,2000,11.760833
121,Feb.,1,2000,12.119185
122,Mar.,1,2000,11.596674
123,Apr.,1,2000,10.351773
124,May.,1,2000,9.346248
125,Jun.,1,2000,8.23707
126,Jul.,1,2000,7.7266774
127,Aug.,1,2000,7.3542247
128,Sep.,1,2000,7.5109878
129,Oct.,1,2000,8.086264
130,Nov.,1,2000,8.701456
131,Dec.,1,2000,10.365883
132,Jan.,1,2001,11.766296
133,Feb.,1,2001,12.703541
134,Mar.,1,2001,12.857022
135,Apr.,1,2001,12.055732
136,May.,1,2001,11.124836
137,Jun.,1,2001,9.564293
138,Jul.,1,2001,8.859022
139,Aug.,1,2001,8.413884
140,Sep.,1,2001,8.353592
141,Oct.,1,2001,8.446368
142,Nov.,1,2001,8.894246
143,Dec.,1,2001,10.372295
144,Jan.,1,2002,11.647489
145,Feb.,1,2002,12.359512
146,Mar.,1,2002,12.708898
147,Apr.,1,2002,12.127488
148,May.,1,2002,11.316425
149,Jun.,1,2002,10.682659
150,Jul.,1,2002,9.85908
151,Aug.,1,2002,8.814468
152,Sep.,1,2002,8.581929
153,Oct.,1,2002,8.798864
154,Nov.,1,2002,9.774283
155,Dec.,1,2002,11.11546
156,Jan.,1,2003,12.302134
157,Feb.,1,2003,12.725002
158,Mar.,1,2003,12.487629
159,Apr.,1,2003,11.188088
160,May.,1,2003,10.113362
161,Jun.,1,2003,8.926799
162,Jul.,1,2003,8.030021
163,Aug.,1,2003,7.5311527
164,Sep.,1,2003,7.3088956
165,Oct.,1,2003,7.8026934
166,Nov.,1,2003,9.132411
167,Dec.,1,2003,10.664085
168,Jan.,1,2004,11.854964
169,Feb.,1,2004,12.150301
170,Mar.,1,2004,11.676899
171,Apr.,1,2004,10.889526
172,May.,1,2004,9.744645
173,Jun.,1,2004,8.61116
174,Jul.,1,2004,7.9254117
175,Aug.,1,2004,7.6363764
176,Sep.,1,2004,7.8101354
177,Oct.,1,2004,8.143433
178,Nov.,1,2004,9.172231
179,Dec.,1,2004,10.443247
180,Jan.,1,2005,11.4164715
181,Feb.,1,2005,12.0576315
182,Mar.,1,2005,12.1572075
183,Apr.,1,2005,11.479593
184,May.,1,2005,10.933879
185,Jun.,1,2005,9.941313
186,Jul.,1,2005,8.815091
187,Aug.,1,2005,8.255524
188,Sep.,1,2005,8.049505
189,Oct.,1,2005,8.371414
190,Nov.,1,2005,9.360529
191,Dec.,1,2005,10.538468
192,Jan.,1,2006,11.3263235
193,Feb.,1,2006,11.54875
194,Mar.,1,2006,11.595725
195,Apr.,1,2006,11.067664
196,May.,1,2006,9.815412
197,Jun.,1,2006,8.852746
198,Jul.,1,2006,8.186766
199,Aug.,1,2006,7.723415
200,Sep.,1,2006,7.691158
201,Oct.,1,2006,8.038661
202,Nov.,1,2006,8.911625
203,Dec.,1,2006,10.580553
204,Jan.,1,2007,12.057269
205,Feb.,1,2007,12.603388
206,Mar.,1,2007,12.47439
207,Apr.,1,2007,11.552998
208,May.,1,2007,10.353712
209,Jun.,1,2007,9.495678
210,Jul.,1,2007,8.89597
211,Aug.,1,2007,8.37226
212,Sep.,1,2007,8.24199
213,Oct.,1,2007,8.71161
214,Nov.,1,2007,9.617215
215,Dec.,1,2007,10.772006
216,Jan.,1,2008,11.32527
217,Feb.,1,2008,11.202372
218,Mar.,1,2008,10.686602
219,Apr.,1,2008,10.150892
220,May.,1,2008,9.412422
221,Jun.,1,2008,8.596164
222,Jul.,1,2008,8.057656
223,Aug.,1,2008,7.6855917
224,Sep.,1,2008,7.40283
225,Oct.,1,2008,7.6588283
226,Nov.,1,2008,8.377626
227,Dec.,1,2008,9.50146
228,Jan.,1,2009,10.451771
229,Feb.,1,2009,11.097153
230,Mar.,1,2009,10.81221
231,Apr.,1,2009,9.892965
232,May.,1,2009,8.946607
233,Jun.,1,2009,8.197481
234,Jul.,1,2009,7.868343
235,Aug.,1,2009,7.6377754
236,Sep.,1,2009,7.601653
237,Oct.,1,2009,8.33333
238,Nov.,1,2009,10.1607065
239,Dec.,1,2009,12.140646
240,Jan.,1,2010,13.249796
241,Feb.,1,2010,13.658697
242,Mar.,1,2010,12.846882
243,Apr.,1,2010,11.436808
244,May.,1,2010,10.256066
245,Jun.,1,2010,9.076078
246,Jul.,1,2010,8.352901
247,Aug.,1,2010,7.791063
248,Sep.,1,2010,7.6877155
249,Oct.,1,2010,8.027791
250,Nov.,1,2010,9.115747
251,Dec.,1,2010,10.81053
252,Jan.,1,2011,11.4061575
253,Feb.,1,2011,11.532082
254,Mar.,1,2011,11.150988
255,Apr.,1,2011,10.415762
256,May.,1,2011,9.666142
257,Jun.,1,2011,8.770836
258,Jul.,1,2011,8.090103
259,Aug.,1,2011,7.653293
260,Sep.,1,2011,7.701064
261,Oct.,1,2011,8.0119
262,Nov.,1,2011,8.604665
263,Dec.,1,2011,9.40797
264,Jan.,1,2012,10.70567
265,Feb.,1,2012,11.840341
266,Mar.,1,2012,11.6691675
267,Apr.,1,2012,10.720529
268,May.,1,2012,9.866321
269,Jun.,1,2012,9.214377
270,Jul.,1,2012,8.79751
271,Aug.,1,2012,8.329199
272,Sep.,1,2012,8.3358
273,Oct.,1,2012,8.864178
274,Nov.,1,2012,9.552884
275,Dec.,1,2012,10.991865
276,Jan.,1,2013,11.934421
277,Feb.,1,2013,12.229184
278,Mar.,1,2013,11.661112
279,Apr.,1,2013,11.023461
280,May.,1,2013,10.087063
281,Jun.,1,2013,9.039614
282,Jul.,1,2013,8.394556
283,Aug.,1,2013,8.093571
284,Sep.,1,2013,7.904005
285,Oct.,1,2013,8.265639
286,Nov.,1,2013,9.165198
287,Dec.,1,2013,10.276214
288,Jan.,1,2014,11.553294
289,Feb.,1,2014,12.442215
290,Mar.,1,2014,12.346724
291,Apr.,1,2014,11.446636
292,May.,1,2014,10.203977
293,Jun.,1,2014,9.264094
294,Jul.,1,2014,8.794719
295,Aug.,1,2014,8.237022
296,Sep.,1,2014,8.208155
297,Oct.,1,2014,8.711728
298,Nov.,1,2014,9.635741
299,Dec.,1,2014,11.121775
300,Jan.,1,2015,12.632677
301,Feb.,1,2015,12.952696
302,Mar.,1,2015,12.263823
303,Apr.,1,2015,11.132689
304,May.,1,2015,10.279882
305,Jun.,1,2015,9.3435135
306,Jul.,1,2015,8.777124
307,Aug.,1,2015,8.435539
308,Sep.,1,2015,8.547229
309,Oct.,1,2015,9.198997
310,Nov.,1,2015,10.211327
311,Dec.,1,2015,11.729826
312,Jan.,1,2016,13.249293
313,Feb.,1,2016,13.446718
314,Mar.,1,2016,13.220662
315,Apr.,1,2016,12.506093
316,May.,1,2016,11.13961
317,Jun.,1,2016,9.570341
318,Jul.,1,2016,8.659932
319,Aug.,1,2016,8.092812
320,Sep.,1,2016,7.852466
321,Oct.,1,2016,8.241199
322,Nov.,1,2016,9.128068
323,Dec.,1,2016,10.874548
324,Jan.,1,2017,12.40377
325,Feb.,1,2017,12.893296
326,Mar.,1,2017,12.197695
327,Apr.,1,2017,11.11175
328,May.,1,2017,9.908614
329,Jun.,1,2017,9.011328
330,Jul.,1,2017,8.359295
331,Aug.,1,2017,8.155378
332,Sep.,1,2017,8.241033
333,Oct.,1,2017,8.510502
334,Nov.,1,2017,9.364589
335,Dec.,1,2017,10.678028
336,Jan.,1,2018,11.61865
337,Feb.,1,2018,11.774804
338,Mar.,1,2018,11.742369
339,Apr.,1,2018,11.352687
340,May.,1,2018,10.638267
341,Jun.,1,2018,9.600306
342,Jul.,1,2018,8.652388
343,Aug.,1,2018,8.03713
344,Sep.,1,2018,8.0276165
345,Oct.,1,2018,8.626808
346,Nov.,1,2018,9.490513
347,Dec.,1,2018,10.662763
348,Jan.,1,2019,12.192783
349,Feb.,1,2019,12.6936655
350,Mar.,1,2019,12.363964
351,Apr.,1,2019,11.405737
352,May.,1,2019,10.255913
353,Jun.,1,2019,9.179585
354,Jul.,1,2019,8.633246
355,Aug.,1,2019,8.498497
356,Sep.,1,2019,8.738373
357,Oct.,1,2019,9.003803
358,Nov.,1,2019,9.517038
359,Dec.,1,2019,10.475173
360,Jan.,1,2020,11.813536
361,Feb.,1,2020,12.222981
362,Mar.,1,2020,11.92755
363,Apr.,1,2020,11.23861
364,May.,1,2020,10.348625
365,Jun.,1,2020,9.273433
366,Jul.,1,2020,8.71292
367,Aug.,1,2020,8.487956
368,Sep.,1,2020,8.319927
369,Oct.,1,2020,8.7211685
370,Nov.,1,2020,9.441662
371,Dec.,1,2020,10.591103
372,Jan.,1,2021,11.313997
373,Feb.,1,2021,11.836313
374,Mar.,1,2021,11.860021
375,Apr.,1,2021,11.130796
376,May.,1,2021,9.983982
377,Jun.,1,2021,8.857935
378,Jul.,1,2021,8.153753
379,Aug.,1,2021,7.7868385
380,Sep.,1,2021,7.744747
381,Oct.,1,2021,8.25211
382,Nov.,1,2021,8.927943
383,Dec.,1,2021,10.140956
384,Jan.,1,2022,11.724465
385,Feb.,1,2022,12.240997
386,Mar.,1,2022,12.007902
387,Apr.,1,2022,11.203926
388,May.,1,2022,10.267049
389,Jun.,1,2022,9.317716
390,Jul.,1,2022,8.711876
391,Aug.,1,2022,8.178112
392,Sep.,1,2022,7.8768644
393,Oct.,1,2022,8.05988
394,Nov.,1,2022,8.739852
395,Dec.,1,2022,9.99004
396,Jan.,1,2023,10.96209
397,Feb.,1,2023,11.433836
398,Mar.,1,2023,11.659947
399,Apr.,1,2023,11.157452
400,May.,1,2023,10.312037
401,Jun.,1,2023,9.3391905
402,Jul.,1,2023,8.578734
403,Aug.,1,2023,8.287828
404,Sep.,1,2023,8.310065
